Austin Cann,100,71,102,65,88,75,118,60,94,64,94,71,109,73,117,67,90,74,81,60,111,70,100,80,97,67,97,79,85,71,120,68,93,69,101,68,104,75,109,78,117,61,95,80,85,70,103,74,98,79,114,80,85,79,112,64,80,72,85,71,117,61,117,68,106,69,115,67,111,70,110,62,87,78,85,61,81,76,99,60,98,78,90,61,99,63,107,67,95,79,120,69,120,79,111,63,113,80,106,72,95,76,80,79,87,60,84,74,120,80,97,68,82,80,98,72,92,72,84,70,110,78,81,63,90,69,85,73,81,68,120,60,86,80,106,78,90,66,114,68,91,66,81,76,120,77,109,77,93,62,104,77,111,75,82,64,84,62,95,77,117,79,94,73,105,71,119,70,113,71,80,60,96,71,110,64,86,75,103,67,97,78,80,76,116,69,89,73,90,67,88,65
Florrie Bennis,88,80,90,69,102,66,115,74,80,68,114,66,110,65,84,60,97,65,108,80,102,63,119,74,84,75,91,64,88,67,80,63,81,74,118,70,89,76,118,78,81,60,115,62,119,71,96,73,88,67,110,69,101,74,119,62,101,71,88,78,103,64,99,75,92,76,86,67,94,65,111,68,87,80,112,71,114,75,102,75,97,71,102,68,87,66,98,66,120,61,120,73,108,80,117,75,92,60,116,68,91,77,115,73,106,62,108,66,108,60,100,80,87,76,110,71,106,79,91,64,83,79,116,61,120,60,82,75,108,63,107,79,96,60,113,72,97,77,84,70,95,61,116,72,80,64,96,79,118,62,94,79,108,77,107,79,80,72,89,64,109,63,113,71,100,66,98,63,88,76,100,74,111,60,111,67,87,61,81,79,82,64,94,72,110,64,98,78,118,78,103,69
Arvin Marty,112,61,108,68,94,74,101,66,100,79,116,70,114,68,110,78,120,70,95,72,91,66,115,63,100,75,109,69,103,67,88,66,120,63,92,68,91,67,92,75,92,69,91,61,113,73,81,79,111,76,82,76,95,76,96,79,107,60,89,66,115,70,108,74,101,62,98,69,111,61,87,66,95,71,101,79,115,63,84,80,88,71,99,75,116,61,81,68,108,68,110,62,99,76,90,61,110,72,89,63,111,79,107,78,86,72,102,75,93,73,94,61,119,66,109,62,85,77,105,78,120,70,110,67,106,76,107,63,106,78,98,65,87,63,97,75,111,75,83,67,83,76,107,61,99,61,104,79,108,76,97,78,105,74,101,77,110,78,84,72,100,66,118,60,111,63,92,74,117,71,101,64,102,67,91,68,93,79,105,71,97,79,101,62,84,74,107,66,104,68,109,74
Liam Dykas,109,76,82,74,118,66,110,70,100,69,83,64,94,78,108,67,133,109,145,94,136,110,171,119,107,67,84,65,101,76,89,62,112,73,109,69,94,61,88,79,109,75,110,69,85,77,94,77,87,77,85,73,113,68,97,70,105,80,84,80,87,72,98,64,112,64,101,68,81,80,103,71,84,67,87,75,85,73,109,60,108,67,107,75,85,75,101,75,117,67,113,74,102,79,81,67,84,71,105,77,93,78,118,73,89,69,113,80,112,62,91,74,92,64,85,65,106,65,100,61,112,65,105,72,110,68,111,73,116,60,109,79,92,80,93,67,116,63,81,80,102,77,87,80,81,64,90,72,111,78,85,78,104,65,120,63,83,65,94,69,100,61,96,70,114,75,88,74,102,62,106,62,115,64,116,75,86,67,90,70,83,60,110,80,119,61,119,69,80,80,90,70
Lacie Georgi,97,75,111,62,92,70,105,80,93,63,111,75,102,79,119,62,155,93,178,94,140,83,177,109,114,72,113,75,103,78,104,67,99,62,89,61,82,69,101,69,101,77,93,74,99,73,97,75,89,63,95,64,103,73,89,61,168,107,141,117,164,97,147,81,135,108,146,102,149,102,160,108,138,80,151,98,153,98,166,83,178,101,160,118,134,103,179,106,134,90,151,94,150,105,146,113,100,70,111,61,89,70,90,73,111,67,95,78,118,67,98,75,99,63,96,79,96,74,104,73,110,74,83,71,84,71,109,64,109,63,96,63,82,74,81,76,96,67,87,73,111,63,104,68,102,77,87,69,114,68,120,67,86,78,86,76,100,68,96,80,89,68,100,71,120,70,92,66,91,60,101,71,99,75,81,77,116,75,84,67,109,67,91,66,108,66,114,63,95,78,87,74
Dinah Milburne,85,65,104,68,112,60,116,70,102,75,109,79,100,60,91,61,120,63,97,72,117,64,89,72,93,79,97,63,100,72,99,71,113,71,80,77,84,70,100,78,108,78,116,76,85,71,108,76,114,64,80,67,102,70,113,79,115,63,109,73,80,71,92,75,83,77,103,72,81,63,98,76,87,79,95,71,83,78,80,79,93,61,98,68,83,72,80,75,91,76,103,63,86,70,107,77,89,72,82,77,84,76,111,75,87,75,93,79,86,72,119,68,100,77,93,79,98,76,93,65,97,74,94,67,98,76,98,62,89,68,116,64,94,66,90,68,84,79,91,61,106,80,109,69,82,79,88,65,119,66,116,64,120,61,103,76,104,74,88,63,101,67,95,68,101,76,94,76,83,66,107,78,83,63,100,70,119,66,105,69,82,62,95,65,85,64,100,69,104,75,111,67
Louella Grinvalds,93,72,95,64,116,77,113,73,97,71,96,73,93,66,88,75,120,70,113,69,83,61,110,80,100,68,115,66,87,69,109,79,95,73,103,63,86,80,96,69,133,109,145,94,136,110,171,119,94,67,104,76,82,68,80,76,89,78,93,66,104,73,109,78,92,72,107,65,94,79,105,71,82,65,115,69,82,62,84,62,93,68,91,76,110,74,95,71,96,62,89,66,88,70,101,73,104,67,102,73,117,62,97,65,108,80,110,67,115,72,103,77,117,70,82,67,88,72,93,74,86,62,118,72,100,76,104,67,80,65,118,72,111,64,106,63,94,62,96,75,84,76,113,67,90,64,83,65,93,72,101,75,91,80,105,70,114,64,105,76,91,66,80,74,98,68,85,79,95,72,118,65,92,60,89,73,82,65,82,80,112,63,101,68,102,69,99,80,110,64,120,68
Keeley Leopard,94,67,108,71,109,72,96,68,83,80,82,79,89,71,92,71,104,67,97,75,83,66,91,61,99,80,80,63,115,72,119,74,106,66,90,73,115,63,111,76,155,93,178,94,140,83,177,109,84,71,118,63,85,80,110,71,89,74,91,66,118,78,83,71,107,68,90,74,108,75,109,67,91,80,105,67,81,71,87,62,94,77,87,64,95,80,80,77,83,71,101,60,117,62,120,64,118,71,103,65,116,77,85,64,103,79,99,72,90,60,99,72,114,74,82,79,113,61,101,63,117,69,116,73,93,78,108,77,108,60,109,72,80,74,94,71,119,63,90,64,110,63,108,79,113,65,82,62,110,71,95,76,93,66,115,69,97,76,93,72,86,63,80,78,91,78,113,80,88,66,104,64,100,69,88,66,94,65,104,80,111,80,96,68,88,72,106,78,93,63,119,77
Collen Batrim,113,61,99,64,110,77,103,68,86,75,104,74,85,78,118,74,117,67,92,61,99,66,99,75,89,73,93,69,84,61,105,80,94,73,82,78,94,63,97,78,98,71,120,68,97,71,118,73,119,60,119,64,100,72,107,62,106,70,107,80,108,62,90,67,114,66,90,74,80,75,83,74,118,62,80,60,106,71,86,71,81,79,115,67,116,63,101,60,101,80,108,61,110,73,86,71,108,66,108,77,80,64,88,62,93,70,119,68,113,78,118,63,83,79,119,76,103,76,102,75,113,68,105,77,80,65,114,70,102,65,104,73,109,74,95,74,89,66,83,77,82,71,81,65,117,75,118,78,83,60,92,77,118,78,102,65,84,71,80,77,98,68,94,69,99,67,97,60,88,77,103,60,86,65,87,63,90,71,85,71,96,74,85,60,112,78,120,80,104,64,87,60
Ora Dishmon,115,63,89,68,90,71,95,69,102,60,86,62,116,75,100,64,120,67,99,71,103,64,96,69,116,65,114,77,98,71,91,71,86,68,100,75,98,63,109,64,113,64,113,60,98,67,91,73,87,60,111,61,101,73,109,62,108,65,104,67,104,64,98,75,111,63,104,64,95,80,112,65,119,72,86,75,108,67,93,72,92,63,88,65,116,69,108,79,94,67,89,69,108,79,88,66,84,67,108,79,108,69,81,62,111,67,102,62,113,75,84,78,104,61,91,74,95,72,94,67,115,61,116,76,118,70,106,60,96,80,96,67,119,69,89,74,82,65,105,76,116,65,96,62,81,71,87,60,111,69,109,77,95,77,94,66,106,74,112,74,116,74,119,72,90,61,96,60,119,62,105,75,88,73,98,75,94,75,93,71,118,66,89,71,83,60,105,68,105,61,99,75
Warden Guice,109,64,118,72,81,77,94,69,116,64,100,70,114,60,96,66,105,63,84,77,96,60,85,72,83,72,104,69,120,60,84,73,108,66,117,68,102,64,116,64,84,75,100,69,82,63,110,72,108,60,86,71,113,66,104,80,117,65,99,61,95,69,108,74,86,60,107,70,89,79,85,77,117,63,105,80,83,60,96,77,95,60,112,71,99,63,89,72,103,73,83,75,91,73,112,63,89,74,81,70,109,61,93,75,111,65,103,72,110,71,83,68,109,78,87,75,106,60,104,61,85,66,94,79,108,79,104,61,109,66,117,62,110,72,89,76,92,79,111,74,115,66,119,63,108,61,89,69,120,70,87,66,101,80,83,66,80,67,107,79,101,64,112,72,103,61,118,72,92,68,91,79,119,73,106,79,116,66,107,80,109,61,90,73,106,60,91,64,109,80,88,78
Nicky Heak,81,79,113,72,104,73,106,64,91,70,103,71,111,76,81,78,97,65,89,73,81,69,91,67,99,72,91,79,108,68,105,68,105,61,108,72,80,69,98,80,98,63,91,62,111,65,90,73,117,66,107,63,102,66,99,74,118,71,116,63,99,75,118,75,86,67,96,63,113,74,80,71,88,74,94,62,114,71,83,80,109,74,91,71,111,71,101,68,81,69,95,61,102,61,113,66,116,68,119,67,119,60,105,76,108,67,106,67,89,60,113,60,109,64,101,67,86,71,100,66,114,64,112,78,80,63,118,80,115,64,91,61,99,61,80,63,84,66,87,80,119,80,104,73,90,66,88,62,101,79,114,64,102,74,101,64,113,64,93,62,110,78,109,62,86,67,93,74,118,69,116,64,112,71,96,80,87,70,96,72,91,77,106,70,83,79,106,69,103,62,109,65
Noak Flight,177,119,138,100,165,81,163,107,145,85,154,117,180,99,142,91,152,108,180,119,132,115,153,92,136,117,174,97,149,82,134,81,133,109,145,94,136,110,171,119,171,103,151,115,141,106,151,88,176,107,132,83,170,98,169,118,179,98,177,101,131,99,149,112,177,96,144,111,139,80,174,106,93,68,91,76,110,74,95,71,152,85,166,87,150,109,159,110,144,102,164,113,165,101,132,119,142,107,160,101,132,103,179,92,160,92,160,109,155,109,168,117,140,91,177,100,163,87,179,92,148,91,142,118,180,91,166,92,172,86,180,86,138,100,145,115,134,100,164,83,177,107,155,120,146,80,164,92,135,100,160,106,146,103,174,84,158,88,177,103,142,101,162,82,172,104,179,114,176,114,175,93,155,90,141,109,136,92,133,90,132,104,157,104,138,98,160,114,148,117,176,85
Robbert Mattinson,155,95,176,97,154,82,137,97,148,84,160,89,133,103,163,83,163,97,145,96,164,112,170,96,169,101,159,104,178,92,146,119,155,93,178,94,140,83,177,109,138,108,145,82,167,81,138,95,135,110,163,102,149,86,174,86,174,95,138,98,148,82,130,83,169,87,146,94,137,93,180,115,175,93,164,112,153,102,158,118,165,119,139,120,140,85,165,119,153,118,151,87,143,120,152,83,140,98,134,80,152,95,130,110,160,112,154,98,160,80,168,83,133,119,164,82,150,110,144,85,169,106,153,102,157,100,168,105,130,94,135,108,134,83,140,117,170,118,134,119,141,93,171,87,154,107,150,109,133,103,170,102,134,88,179,84,153,86,152,93,140,90,153,88,172,85,139,106,139,101,175,108,173,118,180,118,83,79,106,69,103,62,109,65,83,79,106,69,103,62,109,65
Bing Cuthbert,139,82,141,107,145,83,150,113,140,108,180,88,163,102,164,95,145,84,157,120,155,106,175,80,179,117,164,109,172,104,175,120,138,112,132,108,137,88,164,110,164,96,158,113,152,104,144,84,130,94,158,112,141,91,141,96,155,95,157,106,151,82,133,95,136,120,173,97,173,118,156,102,141,118,143,84,149,84,170,114,161,114,158,85,158,116,166,108,162,83,138,112,165,119,156,88,170,120,137,85,155,112,146,106,131,83,172,82,145,111,130,117,139,97,161,101,149,105,157,104,131,108,174,97,138,108,170,100,165,96,161,119,173,118,145,85,139,82,175,105,157,82,145,103,171,106,170,101,146,118,162,98,177,102,130,117,135,103,171,110,160,80,137,100,158,87,162,105,140,117,137,111,170,114,139,94,159,114,148,102,139,114,156,101,150,113,163,86,151,94,179,100
Elena Bernardotte,150,118,170,80,156,85,145,98,155,98,160,113,138,96,174,81,170,87,164,97,161,110,139,108,170,113,166,93,176,83,170,93,153,106,155,108,150,97,147,98,131,109,160,93,142,84,171,102,93,68,91,76,110,74,95,71,140,106,156,102,175,112,147,106,148,119,150,84,144,109,144,94,139,96,162,84,132,120,173,101,136,99,161,97,175,115,142,85,144,94,142,108,137,111,177,91,176,103,152,84,147,105,152,86,161,82,159,104,159,93,137,105,143,88,163,101,173,82,133,118,166,112,151,113,160,102,154,101,148,117,175,83,141,85,178,112,135,106,160,90,152,91,135,86,167,108,159,112,152,80,178,104,142,118,172,97,179,112,132,92,137,120,168,97,174,116,139,117,160,88,167,95,168,87,135,118,141,93,163,104,141,113,139,112,168,104,139,84,151,80,144,113
Sophie Ibert,132,92,156,108,157,112,162,113,166,109,138,100,166,100,143,100,179,88,172,99,137,98,153,97,160,86,180,88,155,117,173,89,163,118,153,106,152,102,156,120,157,99,130,94,157,94,168,85,145,117,131,91,180,119,144,105,143,89,167,90,162,113,151,103,161,115,157,86,136,119,157,102,174,96,140,115,142,117,155,107,175,112,155,90,154,83,165,91,161,109,163,106,149,115,154,114,93,68,91,76,110,74,95,71,134,83,134,109,135,81,167,83,147,103,164,85,165,95,140,99,146,99,153,105,159,99,151,93,164,94,169,101,150,80,133,110,158,91,143,103,132,111,160,110,143,105,146,89,180,85,157,94,131,80,131,117,168,80,159,111,133,99,132,92,156,80,174,105,161,112,167,111,154,88,155,82,134,115,135,110,140,88,144,106,178,113,155,112,178,105,158,82
Roseanne Kielty,128,80,120,65,125,80,124,77,120,79,120,70,122,72,124,77,92,60,93,64,112,70,114,76,128,80,120,65,125,80,124,77,81,64,94,62,105,62,97,76,92,76,105,70,92,75,114,67,128,80,120,65,125,80,124,77,82,73,102,64,82,69,106,79,103,61,103,72,86,73,110,62,122,66,128,79,123,69,122,71,112,76,103,60,94,66,100,78,80,63,115,70,120,78,95,79,81,62,89,60,89,67,89,65,107,78,93,70,84,71,108,71,124,77,125,78,123,63,120,73,128,74,121,65,129,71,121,61,129,80,120,68,125,69,123,69,128,80,120,65,125,80,124,77,128,66,129,70,125,60,124,79,115,80,93,63,85,73,86,61,129,73,125,77,127,60,127,62,128,80,120,65,125,80,124,77,125,62,127,79,126,67,122,73,126,77,129,75,123,63,129,66
Lynnet Gribbell,127,75,127,66,121,66,127,78,121,72,127,75,124,65,125,60,105,73,109,63,113,69,96,70,127,75,127,66,121,66,127,78,101,80,91,64,84,63,112,62,90,80,118,66,102,75,101,75,127,75,127,66,121,66,127,78,117,74,84,79,99,66,90,63,104,60,106,78,115,63,110,75,124,62,122,60,122,71,129,68,83,80,90,62,115,80,105,66,105,79,103,60,82,79,80,72,112,69,81,61,86,61,118,77,95,80,120,73,81,74,97,67,126,76,124,75,129,80,121,61,120,70,125,61,124,60,127,67,124,65,122,66,127,78,122,80,127,75,127,66,121,66,127,78,128,72,128,76,124,63,124,62,108,80,82,80,86,75,95,65,120,76,128,75,128,62,120,71,127,75,127,66,121,66,127,78,122,77,129,69,126,61,124,69,129,62,126,80,123,61,128,62
Lilyan Keme,125,66,128,64,123,71,122,69,125,64,128,61,123,68,120,62,112,78,90,64,119,68,119,68,125,66,128,64,123,71,122,69,80,72,105,71,85,71,89,73,117,73,81,68,86,69,88,78,125,66,128,64,123,71,122,69,119,67,103,79,95,77,93,66,88,77,101,63,80,80,111,77,127,78,124,71,129,61,129,80,114,64,113,80,112,76,103,60,87,80,99,76,102,70,88,69,89,68,114,72,103,68,90,69,109,76,105,71,82,75,118,75,122,80,120,75,123,70,121,76,127,74,129,60,120,68,121,64,127,67,129,65,121,78,124,74,125,66,128,64,123,71,122,69,126,76,126,69,127,61,126,67,94,63,114,76,111,77,92,61,121,79,124,74,124,63,122,71,125,66,128,64,123,71,122,69,128,78,123,72,121,64,127,80,124,63,120,73,129,66,121,80
Marquita Goodsir,120,75,120,71,126,64,126,62,123,61,125,60,121,70,127,67,114,62,103,67,97,69,100,67,120,75,120,71,126,64,126,62,89,78,82,75,110,76,118,77,107,74,109,62,98,80,106,62,120,75,120,71,126,64,126,62,112,76,90,68,94,77,105,63,116,62,99,72,115,75,105,72,128,70,120,71,124,78,122,80,81,74,94,79,120,78,85,64,117,68,97,79,111,75,101,60,104,78,90,67,111,66,118,66,97,60,120,64,104,68,83,79,120,64,127,79,125,68,126,77,122,80,124,70,124,74,129,72,127,61,126,80,123,73,126,76,120,75,120,71,126,64,126,62,125,78,125,62,125,72,121,61,93,78,100,66,102,66,100,72,123,75,126,69,128,68,125,75,120,75,120,71,126,64,126,62,128,74,123,66,124,70,122,68,125,73,128,62,121,80,121,62
