6;15;89;62;9;93;46
4;33;48;57;85
7;22;41;13;56;70;3;98
3;94;65;5
5;30;19;49;11;58
8;83;39;77;23;95;71;28;67
2;6;63
9;43;14;79;64;8;20;12;34;50
4;72;99;29;45
6;37;16;87;88;91;59
7;98;7;66;26;42;84;32
3;24;38;10
5;31;97;53;21;60
4;27;3;75;36
6;18;2;96;44;35;90
2;73;86
8;25;17;92;55;13;4;68;80
5;6;9;19;33;62
3;47;74;2
7;61;85;98;76;5;20;93
4;51;12;28;40
9;34;88;2;70;49;39;8;98;77
6;11;14;60;79;81;50
3;17;36;45
5;96;26;83;58;91
2;59;72
8;29;3;24;7;18;43;12;66
4;35;64;90;22
7;46;74;56;41;10;13;30
6;84;63;94;2;68;27
3;40;75;19
5;80;16;52;97;9
4;23;6;32;38
7;99;20;61;37;54;11;44
2;92;86
9;48;31;5;60;95;34;15;73;69
3;22;57;81
6;8;70;26;59;93;36
4;67;17;78;2
5;7;82;47;10;25
8;100;64;85;29;40;3;50;12
2;91;19
6;53;16;6;31;39;72
3;87;20;62
5;90;13;66;33;44
4;21;84;46;88
7;58;27;99;8;35;1;14
6;12;73;17;38;61;70
5;75;30;24;18;4
