1,3
478,1,1,0
200,1,1,1
293,0,1,1
2,3
353,1,0,0
351,0,1,0
258,0,0,0
3,4
211,0,1,1
190,1,0,1
128,1,0,0
120,0,1,1
4,3
73,0,1,0
249,0,0,0
306,0,0,1
5,3
127,0,0,1
196,0,0,1
404,1,1,0
6,2
487,0,0,0
365,0,0,0
7,3
264,0,1,0
421,1,0,1
112,1,1,0
8,2
212,1,0,1
304,1,1,0
9,3
390,1,0,1
388,0,0,1
230,1,0,1
10,4
172,1,0,0
96,1,1,1
196,0,0,0
419,0,0,1
12,5
289,0,1,1
344,1,1,0
458,1,0,0
137,0,1,0
235,1,0,0
13,2
444,0,0,1
389,0,1,1
14,3
332,1,0,0
486,0,1,1
171,1,0,1
15,3
481,0,1,1
173,0,1,1
359,1,1,0
16,3
342,1,0,1
489,0,1,0
338,0,0,0
17,3
80,1,0,1
414,0,1,1
194,0,1,0
18,3
83,1,0,1
334,1,1,0
93,1,1,0
19,1
143,0,0,0
20,1
181,1,0,0
22,3
389,1,1,0
314,0,0,0
426,1,1,1
23,3
125,0,0,1
246,0,0,0
315,1,1,0
24,3
120,1,1,0
186,1,1,1
221,0,0,1
25,3
305,0,1,0
407,1,0,0
415,1,1,0
26,3
121,0,0,1
295,0,1,1
350,0,1,0
27,3
262,1,1,0
127,0,0,0
294,0,0,0
28,3
69,0,1,1
324,1,1,0
210,0,0,0
29,3
230,0,1,1
430,0,1,1
243,0,1,1
30,4
266,0,0,1
447,1,0,1
134,1,0,1
242,1,1,0